[gd_scene load_steps=10 format=3 uid="uid://bj0u4vx4x760b"]

[ext_resource type="Script" uid="uid://cijwc3ab8led5" path="res://env.gd" id="1_gq42c"]
[ext_resource type="PackedScene" uid="uid://o7ise5esa53q" path="res://loup.tscn" id="1_ifhar"]
[ext_resource type="Material" uid="uid://nqkbucpa5tpg" path="res://SkyShader/SkyShader.tres" id="1_nhbfn"]
[ext_resource type="PackedScene" uid="uid://dvm0dcqgkax01" path="res://mouton.tscn" id="2_c3k1h"]
[ext_resource type="PackedScene" uid="uid://duvtma7eaalbn" path="res://Models/Valley Terrain.glb" id="5_gq42c"]

[sub_resource type="BoxShape3D" id="BoxShape3D_nhbfn"]
size = Vector3(100, 1, 100)

[sub_resource type="Sky" id="Sky_ddwgs"]
sky_material = ExtResource("1_nhbfn")

[sub_resource type="Environment" id="Environment_nhbfn"]
background_mode = 2
sky = SubResource("Sky_ddwgs")
ambient_light_source = 3
ambient_light_color = Color(0.6452129, 0.7626123, 1, 1)
reflected_light_source = 2

[sub_resource type="BoxShape3D" id="BoxShape3D_gq42c"]
size = Vector3(84.05064, 1994.4862, 1)

[node name="env" type="Node3D" node_paths=PackedStringArray("cameras")]
script = ExtResource("1_gq42c")
cameras = [NodePath("Camera3D"), NodePath("Camera3D2"), NodePath("Camera3D3")]

[node name="Arene" type="StaticBody3D" parent="."]

[node name="CollisionShape3D" type="CollisionShape3D" parent="Arene"]
shape = SubResource("BoxShape3D_nhbfn")

[node name="Mouton" parent="." groups=["Mouton"] instance=ExtResource("2_c3k1h")]
transform = Transform3D(1, 0, 0, 0, 1, 0, 0, 0, 1, -4.2542286, 0.05000019, 1.5099483)

[node name="Mouton3" parent="." groups=["Mouton"] instance=ExtResource("2_c3k1h")]
transform = Transform3D(1, 0, 0, 0, 1, 0, 0, 0, 1, 3.4721832, 0.05000019, 1.5099483)

[node name="Mouton4" parent="." groups=["Mouton"] instance=ExtResource("2_c3k1h")]
transform = Transform3D(1, 0, 0, 0, 1, 0, 0, 0, 1, 3.6346054, 0.05000019, 8.091673)

[node name="Mouton2" parent="." groups=["Mouton"] instance=ExtResource("2_c3k1h")]
transform = Transform3D(1, 0, 0, 0, 1, 0, 0, 0, 1, -4.2542286, 0.05000019, 8.960709)

[node name="WorldEnvironment" type="WorldEnvironment" parent="."]
environment = SubResource("Environment_nhbfn")

[node name="Loup" parent="." groups=["Loup"] instance=ExtResource("1_ifhar")]
transform = Transform3D(1, 0, 0, 0, 1, 0, 0, 0, 1, 0, 0, -31.18171)

[node name="Camera3D" type="Camera3D" parent="Loup"]
transform = Transform3D(-0.9976536, 0.014274242, -0.06695974, -0.022038715, 0.85901105, 0.5114824, 0.064820185, 0.51175797, -0.85668087, -0.5076027, 4.1859226, -4.3185005)

[node name="DirectionalLight3D" type="DirectionalLight3D" parent="."]
transform = Transform3D(0.84570926, 0.5336441, 2.79008e-08, -0.4672675, 0.74051684, 0.4830073, 0.25775397, -0.4084837, 0.8756164, -86.32254, 29.183588, 0.2417016)
light_energy = 2.057
light_indirect_energy = 2.358
light_volumetric_fog_energy = 2.51
light_angular_distance = 9.34
light_specular = 1.302

[node name="Camera3D3" type="Camera3D" parent="."]
transform = Transform3D(0.21321623, -0.09384834, 0.9724872, -0.0014039875, 0.99534535, 0.096362054, -0.97700405, -0.021911312, 0.21209203, 66.647156, 33.60314, 23.313248)

[node name="Camera3D2" type="Camera3D" parent="."]
transform = Transform3D(0.6151305, 0.7064918, -0.349977, 0.032228112, 0.42099124, 0.90649205, 0.7877664, -0.56889, 0.23619564, -48.113167, 73.28981, 3.939619)

[node name="Camera3D" type="Camera3D" parent="."]
transform = Transform3D(-0.9979179, -3.717534e-09, -0.06449753, -0.049169835, 0.64716244, 0.76076484, 0.041740377, 0.76235217, -0.645815, -9.444962, 38.005035, -38.726463)

[node name="Valley Terrain" parent="." instance=ExtResource("5_gq42c")]
transform = Transform3D(0.0844779, 0, -0.99642533, 0, 1, 0, 0.99642533, 0, 0.0844779, -8.938, -4.125, -34.064)

[node name="StaticBody3D" type="StaticBody3D" parent="."]
transform = Transform3D(0.0844779, 0, -0.99642533, 0, 1, 0, 0.99642533, 0, 0.0844779, -8.938, -4.125, -34.064)

[node name="CollisionShape3D" type="CollisionShape3D" parent="StaticBody3D"]
transform = Transform3D(0.9472888, 0, 0.320418, 0, 1, 0, -0.320418, 0, 0.9472888, -29.513405, 14.886801, 2.9131694)
shape = SubResource("BoxShape3D_gq42c")

[node name="CollisionShape3D2" type="CollisionShape3D" parent="StaticBody3D"]
transform = Transform3D(0.50552213, 0, 0.8628143, 0, 1, 0, -0.8628143, 0, 0.50552213, 32.09699, 1002.68677, -46.75228)
shape = SubResource("BoxShape3D_gq42c")

[node name="CollisionShape3D3" type="CollisionShape3D" parent="StaticBody3D"]
transform = Transform3D(0.3842149, 0, 0.92324406, 0, 1, 0, -0.92324406, 0, 0.3842149, -40.453156, 14.886801, 35.212463)
shape = SubResource("BoxShape3D_gq42c")

[node name="CollisionShape3D4" type="CollisionShape3D" parent="StaticBody3D"]
transform = Transform3D(-0.89647424, 0, 0.44312406, 0, 1, 0, -0.44312406, 0, -0.89647424, 44.881275, 22.07922, -34.840218)
shape = SubResource("BoxShape3D_gq42c")

[node name="CollisionShape3D5" type="CollisionShape3D" parent="StaticBody3D"]
transform = Transform3D(-0.018324688, 0, 0.9998443, 0, 1, 0, -0.9998443, 0, -0.018324688, 63.27974, 14.886801, 14.428059)
shape = SubResource("BoxShape3D_gq42c")

[node name="CollisionShape3D6" type="CollisionShape3D" parent="StaticBody3D"]
transform = Transform3D(0.9751573, 0, -0.2215686, 0, 1, 0, 0.2215686, 0, 0.9751573, -4.156727, 14.886801, 56.69423)
shape = SubResource("BoxShape3D_gq42c")

[node name="CollisionShape3D7" type="CollisionShape3D" parent="StaticBody3D"]
transform = Transform3D(0.9081837, 0, 0.41860107, 0, 1, 0, -0.41860107, 0, 0.9081837, 56.92495, 14.886801, 56.13486)
shape = SubResource("BoxShape3D_gq42c")

[node name="Button" type="Button" parent="."]
offset_right = 81.0
offset_bottom = 47.0

[node name="Label" type="Label" parent="Button"]
layout_mode = 0
offset_left = 8.0
offset_top = 11.0
offset_right = 84.0
offset_bottom = 48.0
text = "Camera"

[connection signal="pressed" from="Button" to="." method="_on_button_pressed"]
